-------------- Model input ----------------------------------
Thickness:
0.2
Coordinates:
[[0.0, 0.0], [0.0, 0.12], [0.12, 0.0], [0.12, 0.12], [0.24, 0.0], [0.24, 0.12]]
Topology:
[[1, 4, 2], [1, 3, 4], [3, 6, 4], [3, 5, 6]]
Boundary Conditions:
[[1, -15.0], [2, -15.0]]
Conduction:
[1.7, 1.7, 0.04, 0.04]
Thermal Loads:
[[5, 6.0], [6, 6.0]]
-------------- Model output ---------------------------------
Temperatures:
[[-15.0], [-15.0], [20.294117647058812], [20.294117647058812], [1520.2941176470583], [1520.2941176470583]]


